           8   5.8064446393566271        2.2545295399379234E-002  0.21862616076497776       -3.1415926535897927        1.5707963267948968       -1.4835298568010422E-008 -0.39708319978114398     
          16   5.8540889017109654        2.1309485054399887E-002 -0.49745036227663431       -3.1415926535897931       -0.0000000000000000        3.1415926535897931      -0.36237850208071282     
          17   7.9686501415876929        1.5774189693486481E-002 -0.46562376176431830       -3.1415926535897931       -0.0000000000000000        3.1415926535897931      -0.12429175987883910     
          25   5.8304993804771073       0.99998284759459211       0.85472377161423474       -2.7190346320080860E-007   1.5707965986983565       -5.8336376832005369E-020 -0.51969963520022833     
          51   5.8209497400019359       -1.0000000000000000       -1.0000000000000000        0.0000000000000000        0.0000000000000000       -1.5707963267948968      -0.50578462193196450     
          52   7.9376587300019361       -1.0000000000000000       -1.0000000000000000        0.0000000000000000        0.0000000000000000       -1.5707963267948968      -0.19679062629410540     
         406   5.2910568750474223      -0.99999999695110908       0.49993237202357255        3.1415925923366381        1.0471974885473163      -0.71372437826258206       0.30044243543288018     
         410   5.2917724900009686      -0.50000000000019285      -0.50000000000027089        1.4835298568090099E-008   3.1415926324713093        3.1415926535897931        3.5186851188528039E-002
         411   7.9376587400009688      -0.50000000000019285      -0.50000000000027089        1.4835298568090093E-008   3.1415926324713093        3.1415926535897931        2.1540302924820960E-002
         415   5.2912954467030255      -0.49989856044571090       0.49989856044893893        2.0944731739377400       -3.1415145890266087       -3.1415145741913024       0.47945519703947093     
         416   7.9371816766973478      -0.49993237671032820       0.49993237671064750        2.0944471514278180       -3.1415406159000137       -3.1415406010647913        8.5801009457687136E-002
         423   5.2917946501556141      -0.51273655908185978      -0.55931902576066905        3.1415926434644965        3.1415926535897931       -1.5707963171901951      -0.69058323794858911     
         424   7.9376808801517962      -0.51278009755256437      -0.55927698653129432       -3.1415926324715118        3.1415926535897931       -1.5707963267949088      -0.16200609552423079     
         428   7.9376587499955811      -0.49997746035066948      -0.50002253840586353       -1.0471975492766723        2.0943430514390915        3.1415406159000727       -9.8131628431234533E-003
         432   5.2917725399990916      -0.49989856951517803      -0.50010142136242841        2.0943950891285907        1.0472756236141607        7.8097898916530385E-005 -0.44348746562699648     
         433   7.9376587699970420      -0.49993238079125779      -0.50006761525667964        2.0943950964589555        1.0472496005799392        5.2069105632086519E-005 -0.10547928601987500     
         437   5.2917725100028754       0.50003380717650669       0.49996618994694092        1.0471975319998457       -3.1415145591814788        2.4279463505398287       0.18236642190687391     
         438   7.9376587499964693       0.50002253855493339       0.49997746019619277        1.0471975344408539       -3.1415405860548833        2.4279203255861965        3.3500181298696662E-002
         442   5.2922496432989394       0.50013521627422264      -0.50013521627887392        3.1415926387510211        1.0471975587018063      -0.71372437895772889       -9.8874960586758293E-002
         446   5.2920110516475347       0.99999999695221231       0.49993238426574077       -6.2583708765955019E-008   2.0943951649754631      -0.71372437896204244      -0.41925737971324928     
         450   5.2924881449556018       0.99999999695275787      -0.50006760663306693       -5.6315071437394537E-008   1.0471976085545809       -2.4278682751509977       0.26712380481534848     
         451   7.9383743849491433       0.99999999864554923      -0.50004507345189797       -5.3138829712697352E-008   1.0471976034655177       -2.4278682741067588        9.0615068482420666E-002
         764   5.2915339583472001      -0.99999999695166764      -0.50006761888356455       -3.1415926535897931        0.0000000000000000       -3.1415926387544948      -0.19422822494681230     
         765   7.9374201983468877      -0.99999999864522227      -0.50004507888857963       -3.1414284189794270        1.6421488814557679E-004   3.1415926535897931       -6.5424192695110919E-002
         769   5.2910568750474782      -0.99999999695110897       0.49993237202357255        3.1415925921538159       -6.1435590095529769E-008 -0.71372437826258206       0.27854848506163510     
         770   7.9369431150441638      -0.99999999864505862       0.49995491703628636        3.1415926115260757       -3.9444441007585608E-008 -0.71372438018328876        9.8163012836438454E-002
         774   5.2908183133948175      -0.99999999999999989        1.0000000000000000        0.0000000000000000       -1.0471975511965050        3.1415926535897931       0.46798767213180831     
         775   7.9367045533948186      -0.99999999999999989        1.0000000000000000        0.0000000000000000       -1.0471975511965050        3.1415926535897931       0.17381710863172040     
         779   5.2915339583465837      -0.99999999695166775      -0.50006761888113516        3.1415926030428585       -1.0471976050609617       -2.4278682763778128      -0.37107571892800401     
         780   7.9374201983469446      -0.99999999864522204      -0.50004507888930261        3.1415925946177361       -1.0471976124388658       -2.4278682758517496       -9.8621730776663558E-002
         784   5.2910568750474223      -0.99999999695110897       0.49993237202357255        3.1415925876066848       -1.0471976185757532      -0.71372437826258206       0.28219931901874751     
         785   7.9369431150442207      -0.99999999864505884       0.49995491703628692        3.1415926114352666       -1.0471975907319371      -0.71372438018328921        9.7316097401154975E-002
         789   5.2920110516503760      -0.49993238426804448      -0.99999999695221298        1.4835298340918106E-008   3.1415926535897931       -3.1415926535897931      -0.63952447232611598     
         790   7.9378972916528747      -0.49995492262982050      -0.99999999864538558        9.9844875984301455E-005   3.1415926324713093        3.1414928059212825      -0.14923165641262900     
         794   5.2917725100035202      -0.49996618994538394      -0.50003380717464418       -1.0471975468351085        3.1415145626721368       -2.4279463540262700      -0.18457500348629380     
         795   7.9376587499955811      -0.49997746035068330      -0.50002253840652655       -1.0471975492745003        3.1415405876256792       -2.4279203271562158       -2.7911612582557241E-002
         799   5.2912954667001406      -0.49986474719788249       0.49986474719752638        3.1415926387544948        3.1415926277589201        3.1415926535897931       0.41719924988736251     
         800   7.9371816867015292      -0.49990983559130708       0.49990983559086799        3.1415926387544948        3.1415926387544948        3.1415926387544948        6.1810074046390821E-002
         804   5.2917725499999229      -0.49986475944228154      -0.50013522851709791        3.1415926387541866        2.0943951023928533        8.2025774466572070E-021 -0.47639332077000079     
         805   7.9376587800033356      -0.49990984103289049      -0.50009015369856202        3.1415926277587642        2.0943951023928715        5.1810227839650225E-021 -0.12663530635881051     
         809   5.2912954167022921      -0.49996618677154903       0.49996618677226029       -1.0472756316405920        2.0943170195043224      -0.71380246184682261      -0.11617409630740121     
         810   7.9371816566955884      -0.49997745899040680       0.49997745883551720       -1.0472496042487587        2.0943430482974157      -0.71377643305965632        2.1756988255143720E-002
         814   5.2917724900004366      -0.49999999999995981      -0.49999999999713651        2.4063314069790960E-012   1.0471975511969707        2.4278682746273201       0.19706859254017681     
         818   5.2917725100035140      -0.49996618994507780      -0.50003380717464418       -1.0471975468347607        1.0471194752888981       -2.4279463540262700       0.16300302482547821     
         819   7.9376587499955855      -0.49997746035061796      -0.50002253840652655       -1.0471975492744545        1.0471455002425269       -2.4279203271562158        3.6511331283626963E-002
         823   5.2912954167023374      -0.49996618677085908       0.49996618677226029       -1.0472756316407137        1.0471194681335383      -0.71380246184682272       0.21302839128088949     
         824   7.9371816566956008      -0.49997745899055290       0.49997745883551759       -1.0472496042491879        1.0471454971007774      -0.71377643305965632        7.6127127096945135E-002
         827   5.2917724899995928       0.50000000000019273       0.49999999999701894       -1.4832601730005930E-008  -3.1415926324713097       0.71372437896276064       0.14605460355097979     
         828   7.9376587399995939       0.50000000000019273       0.49999999999701933       -1.4832601409512155E-008  -3.1415926324713097       0.71372437896276075        4.4826454713668452E-002
         835   5.2922495933047582       0.50003380415373555      -0.50003380415448628       -1.0471194761610065        2.0943170299761751        3.1415145960079607       0.10400189884624840     
         836   7.9381358333059122       0.50002253704359889      -0.50002253704198008       -1.0471455005915258        2.0943430530097036        3.1415406190415749        5.4801229815709257E-002
         840   5.2917725499986163       0.50013522851707315       0.49986475944005193        3.1415926535897651        2.0943951023932041        3.1415926387544948      -0.62288607356761450     
         841   7.9376587800016249       0.50009015369950682       0.49990984103414754        3.1415926387546076        2.0943951023931091        3.1415926535897931      -0.14972404493476821     
         845   5.2922495833019942       0.49999999999966688      -0.49999999999701999       -1.4832800436151587E-008   1.0471975587016757        2.4278682746270328       0.45015233121302439     
         846   7.9381358233019936       0.49999999999966688      -0.49999999999701999       -1.4832800820744132E-008   1.0471975587016757        2.4278682746270333       0.13258098135138799     
         850   5.2920110516475347       0.99999999695221287       0.49993238426574077       -6.1437570909168967E-008   6.1435589915190975E-008 -0.71372437896204244      -0.42923829329395419     
         851   7.9378972916552986       0.99999999864538569       0.49995492248233248       -4.7122058306353462E-008   4.7123889913947127E-008 -0.71372438070571698      -0.11127393739178559     
         855   5.8205365871432750      -0.86600490861541801       -8.1966068978007951E-005  -1.5709383039193803        2.6178299390410578        1.0471565680778661      -0.14703414358072531     
         856   7.9372455771429999      -0.86601037497388134       -6.0107392843838377E-005  -1.5709004496477579        2.6178736513347891        1.0471674974991891       -3.3972618771243787E-002
         859   5.2913593671424604      -0.86596381353491159       -1.2920532953335801E-004  -2.6180719619273205        2.6179037156787057        1.0471750104430846      -0.34168596081510288     
         860   7.9372455971382250      -0.86598434635788712       -8.6134621965395811E-005  -2.6180459443031254        2.6179337609978868        1.0471825244342270       -6.8675780510053838E-002
         864   5.2909461642779849      -0.86598333540466332       0.86598333540494299        2.6180719545966311        1.5708414055074014       -3.1415475748769879       0.34914021668789280     
         865   7.9368324042850240      -0.86599736039196606       0.86599736039160014        2.6180459292955600        1.5708263790957926       -3.1415626012883076       0.11996238792935390     
         871   5.2913593671394903        1.2920532790211875E-004  0.86596381362042374       -2.6180719409807551        1.5707737858676074       -2.1588890745710914      -0.33059495393598259     
         872   7.9372455971400440        8.6134616473022938E-005  0.86598434635873567       -2.6180459231832720        1.5707813000336359       -2.1588590292503125       -7.8423555102786341E-002
         877   5.8209497500011729       0.86604589243746288       0.86600491219503195       -1.5707963360436348       0.52351682767670282      -0.98287567772933182      -0.36357436516230812     
         878   7.9376587400039957       0.86604042902017897       0.86601037689551286       -1.5707963416311517       0.52353868652954383      -0.98285382446476732      -0.14171050671293961     
         880   7.9376587800016374       0.50009015369950427       0.49990984103395542        3.1415926335185071       -3.1415926387544948        3.1415926535897931      -0.12246618321437290     
         884   7.9376587499965359       0.50002253840413957       0.49997746019589839       -1.0471975492772159        2.0943430498686721      -0.71377642991205259       -7.8523886513679517E-002
         888   5.2917725400024676       0.50010142135943414       0.49989856951674738       -2.0943951039646458        1.0471194756374471       -2.4279463470468738      -0.17679095007034490     
         889   7.9376587699980190       0.50006761525359122       0.49993238078732599       -2.0943951112921551        1.0471455044310922       -2.4279203240133973       -5.7612076627643671E-002
         893   5.2927266666051844       0.99999999999999989       -1.0000000000000000        0.0000000000000000       -1.0471975511965050        0.0000000000000000       0.59567584733703183     
         894   7.9386129166051838       0.99999999999999989       -1.0000000000000000        0.0000000000000000       -1.0471975511965050        0.0000000000000000       0.19169987945197420     
         899   5.2917725399985143      -0.49989856951513534      -0.50010142136162783       -2.0943950891284566        1.0471194787795248      -0.71380246202615993      -0.32119028657098608     
         900   7.9376587699970580      -0.49993238079145313      -0.50006761525594401       -2.0943950964618501        1.0471455018131981      -0.71377643305146854       -8.6285217458093436E-002
         901   6.3541932902534439      -0.49764234046195921      -0.57373168051602330        3.1415926398031710        3.1415926535897931       -1.5707963133588301      -0.35133064319543650     
